Coordenada x - 128 pontos
 -0.49939772486686707     
 -0.49759235978126526     
 -0.49458825588226318     
 -0.49039262533187866     
 -0.48501563072204590     
 -0.47847017645835876     
 -0.47077202796936035     
 -0.46193975210189819     
 -0.45199465751647949     
 -0.44096064567565918     
 -0.42886430025100708     
 -0.41573479771614075     
 -0.40160375833511353     
 -0.38650521636009216     
 -0.37047556042671204     
 -0.35355338454246521     
 -0.33577948808670044     
 -0.31719663739204407     
 -0.29784965515136719     
 -0.27778512239456177     
 -0.25705137848854065     
 -0.23569837212562561     
 -0.21377754211425781     
 -0.19134171307086945     
 -0.16844493150711060     
 -0.14514233171939850     
 -0.12149009108543396     
  -9.7545161843299866E-002
  -7.3365233838558197E-002
  -4.9008570611476898E-002
  -2.4533838033676147E-002
  -9.1848507326442689E-017
   2.4533838033676147E-002
   4.9008570611476898E-002
   7.3365233838558197E-002
   9.7545161843299866E-002
  0.12149009108543396     
  0.14514233171939850     
  0.16844493150711060     
  0.19134171307086945     
  0.21377754211425781     
  0.23569837212562561     
  0.25705137848854065     
  0.27778512239456177     
  0.29784965515136719     
  0.31719663739204407     
  0.33577948808670044     
  0.35355338454246521     
  0.37047556042671204     
  0.38650521636009216     
  0.40160375833511353     
  0.41573479771614075     
  0.42886430025100708     
  0.44096064567565918     
  0.45199465751647949     
  0.46193975210189819     
  0.47077202796936035     
  0.47847017645835876     
  0.48501563072204590     
  0.49039262533187866     
  0.49458825588226318     
  0.49759235978126526     
  0.49939772486686707     
  0.50000000000000000     
  0.49939772486686707     
  0.49759235978126526     
  0.49458825588226318     
  0.49039262533187866     
  0.48501563072204590     
  0.47847017645835876     
  0.47077202796936035     
  0.46193975210189819     
  0.45199465751647949     
  0.44096064567565918     
  0.42886430025100708     
  0.41573479771614075     
  0.40160375833511353     
  0.38650521636009216     
  0.37047556042671204     
  0.35355338454246521     
  0.33577948808670044     
  0.31719663739204407     
  0.29784965515136719     
  0.27778512239456177     
  0.25705137848854065     
  0.23569837212562561     
  0.21377754211425781     
  0.19134171307086945     
  0.16844493150711060     
  0.14514233171939850     
  0.12149009108543396     
   9.7545161843299866E-002
   7.3365233838558197E-002
   4.9008570611476898E-002
   2.4533838033676147E-002
   1.5308084995570108E-016
  -2.4533838033676147E-002
  -4.9008570611476898E-002
  -7.3365233838558197E-002
  -9.7545161843299866E-002
 -0.12149009108543396     
 -0.14514233171939850     
 -0.16844493150711060     
 -0.19134171307086945     
 -0.21377754211425781     
 -0.23569837212562561     
 -0.25705137848854065     
 -0.27778512239456177     
 -0.29784965515136719     
 -0.31719663739204407     
 -0.33577948808670044     
 -0.35355338454246521     
 -0.37047556042671204     
 -0.38650521636009216     
 -0.40160375833511353     
 -0.41573479771614075     
 -0.42886430025100708     
 -0.44096064567565918     
 -0.45199465751647949     
 -0.46193975210189819     
 -0.47077202796936035     
 -0.47847017645835876     
 -0.48501563072204590     
 -0.49039262533187866     
 -0.49458825588226318     
 -0.49759235978126526     
 -0.49939772486686707     
 -0.50000000000000000     
