Pressao - 128 pontos. pressão de referência 380.40341187, rho 4.41727565e-07, u 10416.70117188
   408.69940185546875     
   408.32293701171875     
   407.69937133789062     
   406.83529663085938     
   405.73947143554688     
   404.42294311523438     
   402.89923095703125     
   401.18383789062500     
   399.29443359375000     
   397.25042724609375     
   395.07290649414062     
   392.78445434570312     
   390.40878295898438     
   387.97045898437500     
   385.49475097656250     
   383.00708007812500     
   380.53277587890625     
   378.09677124023438     
   375.72302246093750     
   373.43423461914062     
   371.25143432617188     
   369.19360351562500     
   367.27728271484375     
   365.51638793945312     
   363.92178344726562     
   362.50125122070312     
   361.25930786132812     
   360.19729614257812     
   359.31341552734375     
   358.60293579101562     
   358.05853271484375     
   357.67056274414062     
   357.42745971679688     
   357.31631469726562     
   357.32312011718750     
   357.43344116210938     
   357.63269042968750     
   357.90652465820312     
   358.24133300781250     
   358.62426757812500     
   359.04370117187500     
   359.48916625976562     
   359.95162963867188     
   360.42337036132812     
   360.89797973632812     
   361.37033081054688     
   361.83633422851562     
   362.29290771484375     
   362.73754882812500     
   363.16839599609375     
   363.58380126953125     
   363.98223876953125     
   364.36212158203125     
   364.72167968750000     
   365.05883789062500     
   365.37130737304688     
   365.65643310546875     
   365.91146850585938     
   366.13351440429688     
   366.31976318359375     
   366.46765136718750     
   366.57501220703125     
   366.64010620117188     
   366.66192626953125     
   366.64010620117188     
   366.57501220703125     
   366.46765136718750     
   366.31976318359375     
   366.13351440429688     
   365.91146850585938     
   365.65643310546875     
   365.37130737304688     
   365.05886840820312     
   364.72167968750000     
   364.36212158203125     
   363.98223876953125     
   363.58380126953125     
   363.16839599609375     
   362.73754882812500     
   362.29290771484375     
   361.83636474609375     
   361.37033081054688     
   360.89797973632812     
   360.42337036132812     
   359.95162963867188     
   359.48919677734375     
   359.04370117187500     
   358.62429809570312     
   358.24136352539062     
   357.90655517578125     
   357.63269042968750     
   357.43347167968750     
   357.32315063476562     
   357.31631469726562     
   357.42749023437500     
   357.67056274414062     
   358.05856323242188     
   358.60293579101562     
   359.31341552734375     
   360.19729614257812     
   361.25927734375000     
   362.50122070312500     
   363.92175292968750     
   365.51635742187500     
   367.27725219726562     
   369.19354248046875     
   371.25137329101562     
   373.43414306640625     
   375.72293090820312     
   378.09667968750000     
   380.53268432617188     
   383.00695800781250     
   385.49462890625000     
   387.97036743164062     
   390.40866088867188     
   392.78433227539062     
   395.07278442382812     
   397.25030517578125     
   399.29431152343750     
   401.18374633789062     
   402.89913940429688     
   404.42288208007812     
   405.73937988281250     
   406.83526611328125     
   407.69931030273438     
   408.32284545898438     
   408.69955444335938     
   408.82534790039062     
